0.998000 0.998000 0.998000
0.999000 0.999000 0.999000
0.001000 0.999000 0.999000
0.999000 0.001000 0.999000
0.999000 0.999000 0.001000
0.001000 0.001000 0.999000
0.001000 0.999000 0.001000
0.999000 0.001000 0.001000
0.001000 0.001000 0.001000
0.002000 0.002000 0.002000
0.999000 0.999000 0.999000
0.001000 0.999000 0.999000
0.999000 0.001000 0.999000
0.999000 0.999000 0.001000
0.001000 0.001000 0.999000
0.001000 0.999000 0.001000
0.999000 0.001000 0.001000
0.001000 0.001000 0.001000
0.002000 0.002000 0.002000
